    unsorted:	 1.267194057e+11 -8.953782206e-06
      sorted:	 -8.953782206e-06 1.267194057e+11
