    unsorted:	 5.817476225e+10 235.8573485
      sorted:	 235.8573485 5.817476225e+10
