    unsorted:	 2.820399673e+11 18.88388966
      sorted:	 18.88388966 2.820399673e+11
