    unsorted:	 1.004969434e+13 213.5125543
      sorted:	 213.5125543 1.004969434e+13
