    unsorted:	 2.004039870e+11 84.79850270
      sorted:	 84.79850270 2.004039870e+11
