    unsorted:	 6.121989306e+12 371.4954657
      sorted:	 371.4954657 6.121989306e+12
