    unsorted:	 2.736525799e+13 10638.93617
      sorted:	 10638.93617 2.736525799e+13
