    unsorted:	 4.383270694e+11 0.1004456722
      sorted:	 0.1004456722 4.383270694e+11
