    unsorted:	 1.631150084e+11 225.4156554
      sorted:	 225.4156554 1.631150084e+11
