    unsorted:	 1.239030299e+11 32.45187196
      sorted:	 32.45187196 1.239030299e+11
