    unsorted:	 8.886936414e+12 16.93225692
      sorted:	 16.93225692 8.886936414e+12
