    unsorted:	 9279920295. 2.627871114
      sorted:	 2.627871114 9279920295.
