    unsorted:	 2.408176990e+10 42.57576418
      sorted:	 42.57576418 2.408176990e+10
