    unsorted:	 13172339.34 57.65147572
      sorted:	 57.65147572 13172339.34
