    unsorted:	 3.160549557e+13 1301.031550
      sorted:	 1301.031550 3.160549557e+13
