    unsorted:	 1.119431722e+11 -9.510706242e-06
      sorted:	 -9.510706242e-06 1.119431722e+11
