    unsorted:	 556296372.1 1.260721206e-06
      sorted:	 1.260721206e-06 556296372.1
