    unsorted:	 5.751737097e+12 104.9480090
      sorted:	 104.9480090 5.751737097e+12
