    unsorted:	 7.451476533e+11 58.10666245
      sorted:	 58.10666245 7.451476533e+11
