    unsorted:	 3.423594014e+13 -7385.663545
      sorted:	 -7385.663545 3.423594014e+13
