    unsorted:	 2.573728756e+11 0.5482752898
      sorted:	 0.5482752898 2.573728756e+11
