    unsorted:	 1.148176160e+11 -1.231218269e-05
      sorted:	 -1.231218269e-05 1.148176160e+11
