    unsorted:	 7.008770615e+10 177.8799693
      sorted:	 177.8799693 7.008770615e+10
