    unsorted:	 4.331672435e+12 150.3875025
      sorted:	 150.3875025 4.331672435e+12
