    unsorted:	 5.454481710e+13 -8225.027214
      sorted:	 -8225.027214 5.454481710e+13
