    unsorted:	 1.010469366e+13 149.0167604
      sorted:	 149.0167604 1.010469366e+13
