    unsorted:	 1.195774548e+13 800.3106207
      sorted:	 800.3106207 1.195774548e+13
