    unsorted:	 5.037158203e+11 84.58095476
      sorted:	 84.58095476 5.037158203e+11
