    unsorted:	 2.786570685e+12 41.82086557
      sorted:	 41.82086557 2.786570685e+12
