    unsorted:	 3.319034016e+12 177.8301892
      sorted:	 177.8301892 3.319034016e+12
