    unsorted:	 5.615461287e+11 127.0811389
      sorted:	 127.0811389 5.615461287e+11
