    unsorted:	 8.065796690e+12 -1.526087031
      sorted:	 -1.526087031 8.065796690e+12
