    unsorted:	 3.524855544e+11 611.3068233
      sorted:	 611.3068233 3.524855544e+11
