    unsorted:	 2.207120660e+11 105.4610205
      sorted:	 105.4610205 2.207120660e+11
