    unsorted:	 4.868047622e+11 -0.0004417797886
      sorted:	 -0.0004417797886 4.868047622e+11
