    unsorted:	 3.003552629e+12 217.5687976
      sorted:	 217.5687976 3.003552629e+12
