    unsorted:	 1.819100716e+11 0.8129751036
      sorted:	 0.8129751036 1.819100716e+11
