    unsorted:	 4.682519205e+12 501.1542710
      sorted:	 501.1542710 4.682519205e+12
