    unsorted:	 8.708863219e+10 0.01035466807
      sorted:	 0.01035466807 8.708863219e+10
