    unsorted:	 5.164073118e+10 12.96451407
      sorted:	 12.96451407 5.164073118e+10
