    unsorted:	 2.254777801e+10 8.757865872
      sorted:	 8.757865872 2.254777801e+10
