    unsorted:	 9.287143816e+10 36.04602055
      sorted:	 36.04602055 9.287143816e+10
