    unsorted:	 3.114843498e+13 31.47152860
      sorted:	 31.47152860 3.114843498e+13
