    unsorted:	 2.236403291e+11 0.003673811523
      sorted:	 0.003673811523 2.236403291e+11
