    unsorted:	 5.533224526e+13 2817.516180
      sorted:	 2817.516180 5.533224526e+13
