    unsorted:	 7.875505007e+12 9.493718259
      sorted:	 9.493718259 7.875505007e+12
