    unsorted:	 4.694639753e+12 819.3584408
      sorted:	 819.3584408 4.694639753e+12
