    unsorted:	 4.395565059e+10 21.08081031
      sorted:	 21.08081031 4.395565059e+10
