    unsorted:	 1.125566470e+13 60.25855791
      sorted:	 60.25855791 1.125566470e+13
