    unsorted:	 9.496550408e+12 4.939639074
      sorted:	 4.939639074 9.496550408e+12
