    unsorted:	 4.071484115e+12 63.42911529
      sorted:	 63.42911529 4.071484115e+12
