    unsorted:	 1.270034558e+11 70.37077167
      sorted:	 70.37077167 1.270034558e+11
