    unsorted:	 8.706264326e+11 101.2586084
      sorted:	 101.2586084 8.706264326e+11
