    unsorted:	 9.739721581e+10 249.8696047
      sorted:	 249.8696047 9.739721581e+10
