    unsorted:	 8.170286337e+10 187.1067684
      sorted:	 187.1067684 8.170286337e+10
