    unsorted:	 9.562594052e+11 -0.5791507245
      sorted:	 -0.5791507245 9.562594052e+11
