    unsorted:	 2.224031089e+12 20.60087159
      sorted:	 20.60087159 2.224031089e+12
