    unsorted:	 2.695141213e+11 60.98630019
      sorted:	 60.98630019 2.695141213e+11
