    unsorted:	 1.963711030e+11 17.31656566
      sorted:	 17.31656566 1.963711030e+11
