    unsorted:	 6.264993407e+11 56.09732684
      sorted:	 56.09732684 6.264993407e+11
