    unsorted:	 4.013504550e+13 45.67381674
      sorted:	 45.67381674 4.013504550e+13
