    unsorted:	 2.263876963e+12 31.61579552
      sorted:	 31.61579552 2.263876963e+12
