    unsorted:	 1.615516595e+11 188.7055363
      sorted:	 188.7055363 1.615516595e+11
