    unsorted:	 1.248962293e+10 -1.374838732e-08
      sorted:	 -1.374838732e-08 1.248962293e+10
