    unsorted:	 3.817375521e+12 989.4099435
      sorted:	 989.4099435 3.817375521e+12
