    unsorted:	 3169767828. 29.33448795
      sorted:	 29.33448795 3169767828.
