    unsorted:	 1.844177845e+10 14.26849628
      sorted:	 14.26849628 1.844177845e+10
