    unsorted:	 8.745052871e+12 23.26294092
      sorted:	 23.26294092 8.745052871e+12
