    unsorted:	 3.253887481e+10 3.060402610
      sorted:	 3.060402610 3.253887481e+10
