    unsorted:	 2.991551740e+12 -3.966727200
      sorted:	 -3.966727200 2.991551740e+12
