    unsorted:	 1.360361118e+12 2.579187747
      sorted:	 2.579187747 1.360361118e+12
