    unsorted:	 5.518271867e+10 109.2712563
      sorted:	 109.2712563 5.518271867e+10
