    unsorted:	 4.834187283e+10 577.0832968
      sorted:	 577.0832968 4.834187283e+10
