    unsorted:	 1.521865466e+12 135.7558281
      sorted:	 135.7558281 1.521865466e+12
