    unsorted:	 6.085604894e+12 43.13394146
      sorted:	 43.13394146 6.085604894e+12
