    unsorted:	 1.995570885e+10 6.587561878
      sorted:	 6.587561878 1.995570885e+10
