    unsorted:	 8.294277030e+11 5.453027264
      sorted:	 5.453027264 8.294277030e+11
