    unsorted:	 5369344754. 89.73314976
      sorted:	 89.73314976 5369344754.
