    unsorted:	 1.889748925e+13 0.9337990375
      sorted:	 0.9337990375 1.889748925e+13
