    unsorted:	 6.520480449e+10 84.00931554
      sorted:	 84.00931554 6.520480449e+10
