    unsorted:	 4.928596296 -1.305993028e-12
      sorted:	 -1.305993028e-12 4.928596296
