    unsorted:	 2620461149. 203.1820551
      sorted:	 203.1820551 2620461149.
