    unsorted:	 7.658493128e+13 237.3616832
      sorted:	 237.3616832 7.658493128e+13
