    unsorted:	 4.387601621e+12 82.14819255
      sorted:	 82.14819255 4.387601621e+12
