    unsorted:	 4419337.469 0.5003210933
      sorted:	 0.5003210933 4419337.469
