    unsorted:	 1022347.198 45.81257166
      sorted:	 45.81257166 1022347.198
