    unsorted:	 301486901.9 2.858691062e-10
      sorted:	 2.858691062e-10 301486901.9
