    unsorted:	 8.037101350e+11 87.01767400
      sorted:	 87.01767400 8.037101350e+11
