    unsorted:	 4297437208. 20.77695122
      sorted:	 20.77695122 4297437208.
