    unsorted:	 6139967948. 35.18242345
      sorted:	 35.18242345 6139967948.
