    unsorted:	 2.181735687e+11 432.6496335
      sorted:	 432.6496335 2.181735687e+11
