    unsorted:	 1.127067937e+11 34.52335476
      sorted:	 34.52335476 1.127067937e+11
