    unsorted:	 4.035218135e+12 354.6760142
      sorted:	 354.6760142 4.035218135e+12
