    unsorted:	 1.365603201e+13 350.1395815
      sorted:	 350.1395815 1.365603201e+13
