    unsorted:	 3180684133. 2.719675055
      sorted:	 2.719675055 3180684133.
