    unsorted:	 3.270551976e+13 151.9458774
      sorted:	 151.9458774 3.270551976e+13
