    unsorted:	 2.770347617e+11 49.90258411
      sorted:	 49.90258411 2.770347617e+11
