    unsorted:	 5.180187477e+10 105.0429374
      sorted:	 105.0429374 5.180187477e+10
