    unsorted:	 1.027705850e+10 90.02435164
      sorted:	 90.02435164 1.027705850e+10
