    unsorted:	 1288722714. 0.5413689020
      sorted:	 0.5413689020 1288722714.
