    unsorted:	 2.243829252e+10 45.03887549
      sorted:	 45.03887549 2.243829252e+10
