    unsorted:	 1.415428758e+12 -0.1858285538
      sorted:	 -0.1858285538 1.415428758e+12
