    unsorted:	 1.322265286e+13 28.41496858
      sorted:	 28.41496858 1.322265286e+13
