    unsorted:	 7.676315830e+10 4.038028844
      sorted:	 4.038028844 7.676315830e+10
