    unsorted:	 8.282647555e+11 3.701911356
      sorted:	 3.701911356 8.282647555e+11
