    unsorted:	 8.120501080e+10 105.1321995
      sorted:	 105.1321995 8.120501080e+10
