    unsorted:	 1.051925502e+11 0.02219226502
      sorted:	 0.02219226502 1.051925502e+11
