    unsorted:	 1.899866135e+11 312.6876439
      sorted:	 312.6876439 1.899866135e+11
