    unsorted:	 1.149448469e+12 156.2434169
      sorted:	 156.2434169 1.149448469e+12
