    unsorted:	 1932981.704 37.69082978
      sorted:	 37.69082978 1932981.704
