    unsorted:	 2.607550299e+13 38.67916209
      sorted:	 38.67916209 2.607550299e+13
