    unsorted:	 7498186774. 244.0021376
      sorted:	 244.0021376 7498186774.
