    unsorted:	 7397548701. 140.0552411
      sorted:	 140.0552411 7397548701.
