    unsorted:	 1.319678773e+12 356.9945556
      sorted:	 356.9945556 1.319678773e+12
