    unsorted:	 6.175012917e+11 -0.01995927043
      sorted:	 -0.01995927043 6.175012917e+11
