    unsorted:	 1.724305005e+13 515.8963415
      sorted:	 515.8963415 1.724305005e+13
