    unsorted:	 4.614162123e+12 9.589727308
      sorted:	 9.589727308 4.614162123e+12
