    unsorted:	 1.560229091e+12 7.906768538
      sorted:	 7.906768538 1.560229091e+12
