    unsorted:	 5.609147726e+13 -48906.16334
      sorted:	 -48906.16334 5.609147726e+13
