    unsorted:	 2.221778038e+12 21.51200143
      sorted:	 21.51200143 2.221778038e+12
