    unsorted:	 2.967876983e+12 50.13695150
      sorted:	 50.13695150 2.967876983e+12
