    unsorted:	 2.046834010e+13 26.61288554
      sorted:	 26.61288554 2.046834010e+13
