    unsorted:	 2.866898900e+13 0.07763211449
      sorted:	 0.07763211449 2.866898900e+13
