    unsorted:	 8483810212. 59.26557935
      sorted:	 59.26557935 8483810212.
