    unsorted:	 7.136427954e+10 89.97394005
      sorted:	 89.97394005 7.136427954e+10
