    unsorted:	 3.441080809e+11 0.03015673032
      sorted:	 0.03015673032 3.441080809e+11
