    unsorted:	 2.308706351e+13 248.8670143
      sorted:	 248.8670143 2.308706351e+13
