    unsorted:	 5.182854990e+11 196.7465128
      sorted:	 196.7465128 5.182854990e+11
