    unsorted:	 1.372073459e+11 0.8262342487
      sorted:	 0.8262342487 1.372073459e+11
