    unsorted:	 1.996415178e+13 83.97274659
      sorted:	 83.97274659 1.996415178e+13
