    unsorted:	 3.017185550e+11 1879.448953
      sorted:	 1879.448953 3.017185550e+11
