    unsorted:	 2.073779471e+11 53.66116796
      sorted:	 53.66116796 2.073779471e+11
