    unsorted:	 1.535511499e+11 0.7452903374
      sorted:	 0.7452903374 1.535511499e+11
