    unsorted:	 1.028401283e+13 51.60115105
      sorted:	 51.60115105 1.028401283e+13
