    unsorted:	 4.445429426e+11 664.1293643
      sorted:	 664.1293643 4.445429426e+11
