    unsorted:	 7.483551757e+10 14.58750934
      sorted:	 14.58750934 7.483551757e+10
