    unsorted:	 4.087511966e+10 6.440054862
      sorted:	 6.440054862 4.087511966e+10
