    unsorted:	 1.161176450e+12 -0.001038353571
      sorted:	 -0.001038353571 1.161176450e+12
