    unsorted:	 5.564823768e+12 256.1552596
      sorted:	 256.1552596 5.564823768e+12
