    unsorted:	 2.924045122e+11 10.63094759
      sorted:	 10.63094759 2.924045122e+11
