    unsorted:	 49797954.76 188.6150405
      sorted:	 188.6150405 49797954.76
