    unsorted:	 1.407482012e+11 150.0470505
      sorted:	 150.0470505 1.407482012e+11
