    unsorted:	 9.397141961e+10 3.734751432
      sorted:	 3.734751432 9.397141961e+10
