    unsorted:	 7.792680624e+11 49.02979646
      sorted:	 49.02979646 7.792680624e+11
