    unsorted:	 5.075823727e+11 -0.001445972343
      sorted:	 -0.001445972343 5.075823727e+11
