    unsorted:	 4181781668. 32.74958548
      sorted:	 32.74958548 4181781668.
