    unsorted:	 2.233516650 -1.959162548e-10
      sorted:	 -1.959162548e-10 2.233516650
