    unsorted:	 20507957.01 5.896471305
      sorted:	 5.896471305 20507957.01
