    unsorted:	 1059.462892 58.89520493
      sorted:	 58.89520493 1059.462892
