    unsorted:	 8.174624884e+10 78.80272172
      sorted:	 78.80272172 8.174624884e+10
