    unsorted:	 3.958671947e+12 228.2359431
      sorted:	 228.2359431 3.958671947e+12
