    unsorted:	 3.334012256e+11 -0.0004609539324
      sorted:	 -0.0004609539324 3.334012256e+11
