    unsorted:	 5.987067786e+13 504.4399613
      sorted:	 504.4399613 5.987067786e+13
