    unsorted:	 4.639511049e+11 70.87888861
      sorted:	 70.87888861 4.639511049e+11
