    unsorted:	 6.221990458e+12 77.41308320
      sorted:	 77.41308320 6.221990458e+12
