    unsorted:	 4.995301369e+10 30.88070941
      sorted:	 30.88070941 4.995301369e+10
