    unsorted:	 9.768256817e+11 86.33204635
      sorted:	 86.33204635 9.768256817e+11
