    unsorted:	 3.406733304e+12 128.7253705
      sorted:	 128.7253705 3.406733304e+12
