    unsorted:	 3.113176827e+12 349.3719335
      sorted:	 349.3719335 3.113176827e+12
