    unsorted:	 1.538208060e+10 91.60091072
      sorted:	 91.60091072 1.538208060e+10
