    unsorted:	 5.770821547e+10 69.48328463
      sorted:	 69.48328463 5.770821547e+10
