    unsorted:	 6.297323345e+12 4.929145550
      sorted:	 4.929145550 6.297323345e+12
