    unsorted:	 1.037812483e+13 340.2530330
      sorted:	 340.2530330 1.037812483e+13
