    unsorted:	 306676432.5 0.5865953921
      sorted:	 0.5865953921 306676432.5
