    unsorted:	 2.837696105e+12 104.4100332
      sorted:	 104.4100332 2.837696105e+12
