    unsorted:	 1.301109364e+13 9.823619237
      sorted:	 9.823619237 1.301109364e+13
