    unsorted:	 6.863330876e+11 -0.02763031964
      sorted:	 -0.02763031964 6.863330876e+11
