    unsorted:	 423475153.9 65.29586014
      sorted:	 65.29586014 423475153.9
