    unsorted:	 3.392850011e+10 0.06995694466
      sorted:	 0.06995694466 3.392850011e+10
