    unsorted:	 1.243382153e+13 5.699953976
      sorted:	 5.699953976 1.243382153e+13
