    unsorted:	 2.933373401e+13 703.7549969
      sorted:	 703.7549969 2.933373401e+13
