    unsorted:	 1.058527372e+12 1.526084894
      sorted:	 1.526084894 1.058527372e+12
