    unsorted:	 4.256094061e+13 5469.504298
      sorted:	 5469.504298 4.256094061e+13
