    unsorted:	 7.091094268e+11 5.958646086
      sorted:	 5.958646086 7.091094268e+11
