    unsorted:	 3.493996472e+10 0.4389432465
      sorted:	 0.4389432465 3.493996472e+10
