    unsorted:	 5.155418840e+10 -1.083658037e-05
      sorted:	 -1.083658037e-05 5.155418840e+10
