    unsorted:	 6.484851190e+12 164.6925182
      sorted:	 164.6925182 6.484851190e+12
