    unsorted:	 2.539988268e+13 92.52146654
      sorted:	 92.52146654 2.539988268e+13
