    unsorted:	 1.139683542e+13 4.071784445
      sorted:	 4.071784445 1.139683542e+13
