    unsorted:	 7789251375. 6.359766758e-08
      sorted:	 6.359766758e-08 7789251375.
