    unsorted:	 2.017211562e+11 0.2479840983
      sorted:	 0.2479840983 2.017211562e+11
