    unsorted:	 7329927621. 32.65635364
      sorted:	 32.65635364 7329927621.
