    unsorted:	 1.826530604e+12 -0.05847551805
      sorted:	 -0.05847551805 1.826530604e+12
