    unsorted:	 1.114976085e+11 1.324399194
      sorted:	 1.324399194 1.114976085e+11
