    unsorted:	 8.848268231e+10 33.97099922
      sorted:	 33.97099922 8.848268231e+10
