    unsorted:	 2.347575184e+12 6.272138019
      sorted:	 6.272138019 2.347575184e+12
