    unsorted:	 2821043507. 4.220557237e-09
      sorted:	 4.220557237e-09 2821043507.
