    unsorted:	 1.431454033e+13 18.11983529
      sorted:	 18.11983529 1.431454033e+13
