    unsorted:	 3.152629713e+10 12.07116685
      sorted:	 12.07116685 3.152629713e+10
