    unsorted:	 1.822763938e+12 9.225722827
      sorted:	 9.225722827 1.822763938e+12
