    unsorted:	 2.463033399e+13 1666.886329
      sorted:	 1666.886329 2.463033399e+13
