    unsorted:	 1.425162456e+11 0.5625580527
      sorted:	 0.5625580527 1.425162456e+11
