    unsorted:	 7738807.254 107.9900446
      sorted:	 107.9900446 7738807.254
