    unsorted:	 103745290.3 96.87668793
      sorted:	 96.87668793 103745290.3
