    unsorted:	 2.332608557e+10 78.81316012
      sorted:	 78.81316012 2.332608557e+10
