    unsorted:	 4896589930. 93.65690437
      sorted:	 93.65690437 4896589930.
