    unsorted:	 6.721345402e+11 23.61655573
      sorted:	 23.61655573 6.721345402e+11
