    unsorted:	 4.781121861e+10 -3.177665344e-05
      sorted:	 -3.177665344e-05 4.781121861e+10
