    unsorted:	 690192931.8 7.985709871e-10
      sorted:	 7.985709871e-10 690192931.8
