    unsorted:	 33034.99246 77.15098051
      sorted:	 77.15098051 33034.99246
