    unsorted:	 2.389077788e+12 -1.118087590
      sorted:	 -1.118087590 2.389077788e+12
