    unsorted:	 3.183563434e+10 -8.976392958e-07
      sorted:	 -8.976392958e-07 3.183563434e+10
