    unsorted:	 1823524558. 9.772728577
      sorted:	 9.772728577 1823524558.
