    unsorted:	 9034776121. 168.5845378
      sorted:	 168.5845378 9034776121.
