    unsorted:	 3.550652618e+11 477.3094340
      sorted:	 477.3094340 3.550652618e+11
