    unsorted:	 9.140532129 -4.011223103e-14
      sorted:	 -4.011223103e-14 9.140532129
