    unsorted:	 6.471845064e+12 58.91293870
      sorted:	 58.91293870 6.471845064e+12
