    unsorted:	 1.143664141e+11 46.31329147
      sorted:	 46.31329147 1.143664141e+11
