    unsorted:	 3.116813223e+12 37.18582718
      sorted:	 37.18582718 3.116813223e+12
