    unsorted:	 7.562581310e+12 109.6603392
      sorted:	 109.6603392 7.562581310e+12
