    unsorted:	 2.531031630e+12 100.4532602
      sorted:	 100.4532602 2.531031630e+12
