    unsorted:	 7.693686612e+11 83.63321053
      sorted:	 83.63321053 7.693686612e+11
