    unsorted:	 2.126299339e+10 0.6115217257
      sorted:	 0.6115217257 2.126299339e+10
