    unsorted:	 1.411248374e+11 0.5478009403
      sorted:	 0.5478009403 1.411248374e+11
