    unsorted:	 1.480438425e+12 20.12925760
      sorted:	 20.12925760 1.480438425e+12
