    unsorted:	 1.912115285e+12 77.74903793
      sorted:	 77.74903793 1.912115285e+12
