    unsorted:	 1.927072192e+12 10.49034618
      sorted:	 10.49034618 1.927072192e+12
