    unsorted:	 2.006731735e+13 91.04062200
      sorted:	 91.04062200 2.006731735e+13
