    unsorted:	 9.989226293e+10 22.69172321
      sorted:	 22.69172321 9.989226293e+10
