    unsorted:	 2.059505676e+11 2.561648916
      sorted:	 2.561648916 2.059505676e+11
