    unsorted:	 2.928624193e+11 13.71284418
      sorted:	 13.71284418 2.928624193e+11
