    unsorted:	 1.034805736e+12 10.00893498
      sorted:	 10.00893498 1.034805736e+12
