    unsorted:	 8.271887982e+10 504.2938319
      sorted:	 504.2938319 8.271887982e+10
