    unsorted:	 1.543578001e+10 7.635974300
      sorted:	 7.635974300 1.543578001e+10
