    unsorted:	 2.679710971e+13 321.5629123
      sorted:	 321.5629123 2.679710971e+13
