    unsorted:	 3.174550941e+10 118.0766962
      sorted:	 118.0766962 3.174550941e+10
