    unsorted:	 1.431874347e+10 -2.179651304e-08
      sorted:	 -2.179651304e-08 1.431874347e+10
