    unsorted:	 8.811086760e+11 733.9174927
      sorted:	 733.9174927 8.811086760e+11
