    unsorted:	 5.186943787e+11 652.4084898
      sorted:	 652.4084898 5.186943787e+11
