    unsorted:	 5.626499669e+12 303.0993802
      sorted:	 303.0993802 5.626499669e+12
