    unsorted:	 3.420468792e+13 333.4230271
      sorted:	 333.4230271 3.420468792e+13
