    unsorted:	 2.264383329e+12 -0.0008844517192
      sorted:	 -0.0008844517192 2.264383329e+12
