    unsorted:	 1.010561341e+10 0.4614851999
      sorted:	 0.4614851999 1.010561341e+10
