    unsorted:	 4.779173048e+13 102.0690382
      sorted:	 102.0690382 4.779173048e+13
