    unsorted:	 3.196367202e+12 6.419943282
      sorted:	 6.419943282 3.196367202e+12
