    unsorted:	 2.512855991e+13 348.8944544
      sorted:	 348.8944544 2.512855991e+13
