    unsorted:	 3.604712259e+12 -0.3470892818
      sorted:	 -0.3470892818 3.604712259e+12
