    unsorted:	 1.124249720e+11 108.2278774
      sorted:	 108.2278774 1.124249720e+11
