    unsorted:	 1.019144045e+11 6.563872840
      sorted:	 6.563872840 1.019144045e+11
