    unsorted:	 6.515362818e+11 390.7802179
      sorted:	 390.7802179 6.515362818e+11
