    unsorted:	 1.403032674e+11 48.67175629
      sorted:	 48.67175629 1.403032674e+11
