    unsorted:	 1.124427620e+11 27.93304922
      sorted:	 27.93304922 1.124427620e+11
