    unsorted:	 3.259822826e+10 -1.959184885e-07
      sorted:	 -1.959184885e-07 3.259822826e+10
