    unsorted:	 1.073947970e+12 86.96896158
      sorted:	 86.96896158 1.073947970e+12
