    unsorted:	 1.083056119e+12 392.7488398
      sorted:	 392.7488398 1.083056119e+12
