    unsorted:	 1.571091029e+11 71.12830703
      sorted:	 71.12830703 1.571091029e+11
