    unsorted:	 6345084810. 2.498341661
      sorted:	 2.498341661 6345084810.
