    unsorted:	 5.794745623e+11 54.26129392
      sorted:	 54.26129392 5.794745623e+11
