    unsorted:	 453600347.7 0.1060808198
      sorted:	 0.1060808198 453600347.7
