    unsorted:	 4664432941. 3.130047411
      sorted:	 3.130047411 4664432941.
