    unsorted:	 4.253124215e+12 6.066861906
      sorted:	 6.066861906 4.253124215e+12
