    unsorted:	 6.001377789e+11 31.09973399
      sorted:	 31.09973399 6.001377789e+11
