    unsorted:	 3.539192355e+10 49.19498739
      sorted:	 49.19498739 3.539192355e+10
