    unsorted:	 1.723797579e+10 35.63709862
      sorted:	 35.63709862 1.723797579e+10
