    unsorted:	 1.002267975e+10 78.45226703
      sorted:	 78.45226703 1.002267975e+10
