    unsorted:	 4.495333614e+12 824.6605368
      sorted:	 824.6605368 4.495333614e+12
