    unsorted:	 2.317765697e+13 -104980.0427
      sorted:	 -104980.0427 2.317765697e+13
