    unsorted:	 3.279833316e+12 31.01160654
      sorted:	 31.01160654 3.279833316e+12
