    unsorted:	 1.382399675e+11 5.781725859
      sorted:	 5.781725859 1.382399675e+11
