    unsorted:	 3.528417408e+12 403.9271785
      sorted:	 403.9271785 3.528417408e+12
