    unsorted:	 3.570199124e+11 25.78491380
      sorted:	 25.78491380 3.570199124e+11
