    unsorted:	 7.138612996e+13 185.9504389
      sorted:	 185.9504389 7.138612996e+13
