    unsorted:	 3.922283604e+10 127.4149968
      sorted:	 127.4149968 3.922283604e+10
