    unsorted:	 1.022609898e+11 7.803882916
      sorted:	 7.803882916 1.022609898e+11
