    unsorted:	 1.137316598e+14 -714246924.0
      sorted:	 -714246924.0 1.137316598e+14
