    unsorted:	 5.361251488e+13 -27676.56803
      sorted:	 -27676.56803 5.361251488e+13
