    unsorted:	 1.455555012e+12 16.66656409
      sorted:	 16.66656409 1.455555012e+12
