    unsorted:	 4.741652655e+12 303.6195664
      sorted:	 303.6195664 4.741652655e+12
