    unsorted:	 1.163846009e+12 5623.159939
      sorted:	 5623.159939 1.163846009e+12
